105839
105842
105844
105851
105852
105858
105860
105864
105883
105896
105900
105914
105931
105942
105948
105950
105953
105973
106968
109743
109750
109757
109763
109780
109790
109795
109801
109808
109812
109815
109841
109862
109863
109864
109865
109867
109868
109869
109871
109872
109873
109875
109881
109887
109888
109889
109890
109891
109892
109900
109901
109905
109918
109922
109925
109932
109933
109937
109938
109947
109949
109953
109954
109958
109960
109969
109972
109973
109978
109981
109983
109992
109995
109999
110015
110016
110032
110052
110057
110077
110078
110083
110085
110108
110119
110122
110132
110148
110163
110181
110184
110190
110193
110207
110215
110216
110217
110219
110226
110239
110254
110261
110277
110288
110300
110310
110323
110333
110338
110357
110366
110370
110376
110383
110398
110401
110402
110403
110406
110410
110414
110416
110426
110427
110429
110436
110438
110439
110445
110446
110449
110456
110457
110458
110461
110470
110481
110483
110495
110504
110518
110525
110526
110527
110528
110529
110530
110531
110532
110533
110534
110535
110543
110548
110568
110573
110580
110583
110588
110592
110600
110613
110621
110624
110629
110650
110651
110652
110654
110656
110658
110666
110674
110688
110699
110700
110723
110754
112190
112193
113941
113945
113947
113960
113961
113967
113971
113972
113977
113979
113980
113981
113982
113983
113990
113995
113998
114005
114007
114014
114017
114022
114029
114030
114032
114035
114038
114042
114047
114055
114057
114061
114062
114073
114087
114105
114106
114110
114112
114140
114153
114164
114165
114166
114168
114169
114170
114171
114174
114183
114198
114199
114204
114217
114227
114233
114235
114239
114240
114244
114248
114257
114260
114266
114269
114277
114282
114283
114288
114289
114290
114294
114295
114298
114300
114306
114312
114316
114337
114338
114344
114346
114352
114353
114356
114357
114360
114367
114373
114375
114377
114378
114382
114384
114391
114393
114396
114398
114400
114403
114406
114411
114412
114418
114421
114428
114431
114437
114443
114449
114458
114460
114463
114465
114468
114472
114475
114486
114492
114493
114494
114496
114500
114516
114537
114539
114540
114541
114542
114545
114550
114559
114563
114564
114582
114595
114598
114599
114600
114604
114610
114613
114624
114625
114629
114641
114645
114646
114650
114661
114666
114671
114677
114683
114684
114705
114707
114710
114719
114722
114723
114731
114735
114742
114745
114748
114750
114755
114757
114760
114762
114763
114772
114777
114778
114784
114785
114786
114790
114796
114802
114806
114807
114815
114816
114819
114821
114824
114825
114826
114827
114828
114830
114835
114839
114860
114864
114877
114884
114885
114896
114900
114905
114906
114907
114911
114916
114917
114920
114923
114927
114929
114931
114937
114939
114941
114942
114950
114956
114957
114958
114959
114962
114966
114972
114975
114976
114980
114989
114995
114997
115000
115002
115010
115015
115017
115018
115019
115020
115022
115024
115027
115046
115047
115048
115054
115056
115057
115059
115060
115061
115065
115073
115081
115087
115090
115097
115103
115113
115118
115128
115129
115138
115139
115141
115142
115143
115144
115145
115146
115147
115150
115153
115159
115160
115161
115162
115169
115170
115172
115179
115180
115181
115184
115186
115189
115191
115193
115194
115195
115198
115200
115210
115214
115216
115217
115220
115221
115223
115230
115231
115232
115233
115238
115241
115242
115244
115245
115252
115260
115261
115263
115265
115267
115274
115276
115279
115283
115323
115324
115330
115331
115333
115334
115340
115342
115345
115346
115355
115361
115372
115374
115377
115379
115385
115386
115389
115392
115400
115404
115408
115412
115416
115418
115419
115429
115430
115436
115445
115446
115889
116337
116339
116341
116343
116346
116353
116354
116355
116356
116359
117651
117652
117655
117671
117673
117674
118810
120165
120388
120433
120810
120813
120817
120837
123136
123835
124132
126270
127459
127666
127713
128982
130660
130949
131289
131291
132225
133053
133543
134467
134614
134722
134990
136266
136406
136437
136581
136882
140391
140435
143400
143416
143417
143423
143424
143431
143432
143433
143435
143439
143445
143456
143457
143458
143461
143462
143464
143471
143473
143477
143478
143483
143484
143485
143487
143491
143498
143500
143502
143505
143508
143510
143513
143514
143517
143520
143521
143525
143526
143530
143531
143536
143538
143544
143546
143552
143553
143556
143560
143566
143567
143569
143570
143572
143578
143579
143580
143581
143585
143586
143591
143597
143599
143601
143602
143607
143608
143610
143616
143620
143625
143626
143627
143628
143630
143632
143635
143640
143643
143644
143645
143646
143647
143648
143649
143650
143651
143652
143653
143654
143655
143656
143660
143881
143930
144475
144478
144481
144488
144500
144502
144503
144511
146801
146879
147498
147549
147602
147638
147639
147641
149150
149152
149154
149156
149160
149161
149162
149163
149166
149169
149170
149172
149173
149175
149180
149187
149188
149190
149193
149194
149197
149198
149199
149200
149204
149207
149210
149214
149217
149218
149223
149233
149236
150063
154582
154586
154589
154593
154594
154595
154596
154600
154602
154603
154606
154607
154609
154612
154614
154620
154621
154623
154772
154773
154774
154777
154780
154783
155200
155202
155203
155204
155206
155207
155209
155210
155214
155216
155218
155219
155224
155227
155228
155229
155232
155233
155238
155239
155241
155250
155251
155254
155255
155257
155258
155259
155260
155263
155264
155266
155267
155268
155269
155272
155275
155277
155285
155381
155382
155501
155502
155503
155506
155507
155867
155869
155870
155871
155875
155877
155880
155883
155885
155976
155978
156136
156138
156139
156144
156146
156147
156150
156156
156158
156714
156894
157099
157711
157713
157715
157718
157719
157721
157727
157728
157732
157734
157736
157741
157743
157746
157748
157749
157750
157753
157759
157760
157762
157764
157765
157768
157770
157772
157773
157775
157777
157778
157792
157793
157802
157803
157805
157810
157811
157812
157820
157821
157822
157824
157826
157827
157828
157829
157832
157837
157838
157840
157841
157842
157844
157845
157849
157850
157852
157855
157856
157858
157860
157861
157863
157864
157868
157869
157870
157872
157873
157874
157875
157876
157877
157878
157879
157880
157883
157886
157888
157890
157891
157892
157897
157906
157909
157911
157912
157913
157914
157915
157917
157919
157920
157921
157922
157923
157924
157929
157931
157932
157933
157936
157937
157939
157940
157943
157944
157946
157948
157949
157950
157951
157957
157960
157962
157963
157966
157967
157969
157975
157976
157977
157978
157980
157982
157983
157987
157989
157992
157994
157996
157997
157998
157999
158002
158003
158004
158008
158010
158011
158012
158013
158014
158015
158016
158017
158018
158019
158021
158022
158023
158024
158025
158026
158028
158029
158030
158031
158032
158034
158036
158037
158039
158041
158042
158043
158044
158046
158048
158051
158053
158055
158057
158058
158059
158060
158062
158064
158065
158066
158069
158070
158071
158072
158073
158075
158076
158077
158078
158079
158160
158512
159242
159243
159244
159246
159658
161343
161835
161836
161838
161840
161841
161843
163352
163701
164002
164200
165291
165441
165656
166373
166374
166375
166376
166377
166378
166379
166383
166386
166387
166388
166389
166390
166391
166392
166393
166394
166395
166396
166398
166399
166401
166404
166406
166407
166408
166409
166410
166412
166421
166422
166423
166424
166425
166426
166427
166428
166430
166432
166433
166437
166438
166441
166443
166445
166446
166447
166448
166450
166451
166452
166454
166456
166458
166459
166460
166461
166462
166464
166465
166466
166467
166473
166475
166476
166477
166478
166480
166482
166483
166485
166486
166487
166488
166489
166491
166492
166494
166495
166496
166497
166498
166500
166501
166502
166503
166504
166505
166506
166507
166508
166509
166510
166513
166514
166515
166517
166520
166522
166524
166526
166528
166529
166534
166537
166538
166540
166541
166542
166543
166545
166546
166547
166548
166549
166550
166552
166553
166555
166556
166559
166560
166561
166563
166564
166565
166566
166567
166570
166572
166574
166575
166576
166577
166578
166580
166581
166582
166583
166584
166585
166586
166587
166588
166589
166590
166591
166592
166594
166595
166598
166602
166603
166604
166605
166606
166607
166609
166610
166611
166612
166613
166614
166615
166616
166617
166618
166619
166622
166624
166625
166629
166630
166631
166632
166633
166634
166727
166729
166731
166733
166736
166737
166739
166740
166743
166744
166745
166746
166747
166748
166749
166750
166751
166752
166753
166754
166755
166756
166757
166759
166760
166761
166762
166763
166764
166765
166766
166767
166769
166770
166771
166772
300035
300181
300340
400098
400216
400322
400449
400589
401054
401056
401060
401061
401062
401063
401064
401065
401074
401075
401077
401078
401080
401474
401475
401524
401525
401526
401527
401528
401529
401530
401531
401532
401533
401537
401538
401539
401540
401541
401542
401543
401545
401546
401550
401551
401552
401553
401555
401556
401558
401559
401569
401571
401572
402502
402567
402837
402838
402844
402845
402846
402847
402848
402850
402851
402854
402856
402857
402858
402859
402860
402862
402863
402865
402866
402867
402868
402869
402870
402872
402873
402874
402876
402877
402880
402881
402882
402883
402884
402885
402886
402887
402888
402890
402892
402894
402895
402896
402897
402898
402901
402902
402904
402906
402907
402909
402910
402914
402917
402918
402919
402920
402921
402922
402928
402929
402931
402932
402933
402934
402935
402937
402938
402940
402941
402943
402944
402946
402948
402949
402952
402953
402955
402958
402959
402960
402961
402962
402963
402964
402969
402971
402972
402973
402974
402975
402976
402979
402980
402981
402982
402983
402984
402985
402987
402989
402991
402992
402993
402994
402996
402997
402999
403000
403001
403003
403004
403005
403006
403007
403009
403011
403014
403015
403016
403018
403021
403022
403023
403024
403025
403027
403029
403030
403032
403036
403039
403040
403041
403043
403044
403045
403047
403078
403159
403160
403161
403162
403163
403450
403452
403453
403454
403456
403527
403528
403529
403530
403531
403532
403533
404320
404321
404322
404323
404324
404327
404328
404329
404330
404331
404332
404333
404335
404337
404339
404340
404341
404342
404343
404345
404346
404347
404349
404351
404352
404353
404354
404355
404357
404358
404359
404361
404362
404363
404364
404365
404366
404367
404368
404371
404373
404375
404376
404377
404380
404382
404383
404385
404387
404388
404389
404391
404392
404393
404394
404395
404396
404397
404398
404399
404400
404401
404404
404408
404409
404410
404411
404412
404413
404414
404415
404416
404417
404420
404422
404424
404426
404427
404428
404430
404432
404433
404434
404437
404438
404439
404441
404442
404444
404445
404447
404448
404449
404451
404452
404455
404456
404457
404458
404459
404460
404461
404464
404465
404466
404470
404471
404472
404473
404474
404475
404477
404479
404480
404481
404482
404483
404484
404485
404487
404490
404491
404493
404496
404497
404499
404501
404503
404508
404528
404529
404531
404533
404534
404535
404536
404537
404538
404540
404541
404542
404543
404545
404546
404549
404552
404553
404555
404556
404559
404564
404565
404566
404568
404572
404573
404575
404579
404580
404582
404585
404586
404587
404588
404589
404592
404593
404595
404596
404597
404598
404599
404600
404602
404603
404604
404605
404606
404607
404609
404610
404611
404614
404616
404618
404620
404622
404623
404625
404627
404629
404630
404631
404633
404634
404636
404638
404639
404640
404641
404642
404643
404645
404646
404648
404649
404651
404652
404653
404655
404656
404657
404659
404660
404663
404664
404667
404668
404670
404672
404673
404675
404677
404678
404679
404680
404685
404687
404688
404689
404690
404691
404692
404693
404695
404696
404698
404700
404701
404702
404703
404705
404706
404707
404708
404709
404710
404711
404712
404713
404714
404715
404716
404717
404718
404719
404720
404721
404722
404723
404724
404725
404726
404728
404729
404730
404732
404733
404734
404739
404742
404743
404744
404745
404746
404747
404748
404749
404751
404752
404753
404754
404755
404756
404757
404759
404761
404762
404763
404764
404765
404766
404767
404768
404769
404774
404775
404776
404777
404778
404780
404781
404782
404783
404784
404787
404788
404790
404791
404792
404793
404794
404795
404796
404799
404800
404801
404803
404805
404806
404810
404811
404812
404813
404815
404816
404820
404821
404823
404824
404826
404827
404828
404829
404831
404836
404837
404838
404839
404841
404842
404843
404844
404845
404846
404849
404851
404853
404854
404855
404859
404861
404863
404867
404870
404872
404875
404876
404877
404878
404879
404880
404881
404882
404883
404885
404886
404887
404890
404892
404893
404894
404895
404896
404897
404898
404899
404900
404902
404904
404905
404906
404913
404914
404915
404916
404917
404918
404919
404920
404922
404924
404925
404926
404927
404928
404929
404930
404931
404932
404933
404936
404938
404940
404942
404943
404944
404946
404947
404948
404949
404950
404951
404952
404953
404954
404955
404957
404961
404962
404963
404964
404965
404966
404967
404969
404970
404971
404972
404974
404975
404976
404977
404978
404979
404980
404981
404982
404983
404985
404986
404987
404988
404989
404990
404991
404992
404993
404994
404995
404997
405000
405001
405003
405004
405005
405006
405007
405009
405012
405013
405015
405016
405017
405018
405020
405021
405022
405023
405024
405025
405026
405027
405028
405029
405030
405031
405033
405034
405035
405036
405037
405038
405039
405040
405041
405042
405043
405044
405045
405046
405048
405050
405053
405054
405055
405056
405057
405058
405059
405061
405062
405063
405064
405065
405066
405067
405068
405069
405070
405071
405072
405073
405074
405075
405076
405077
405078
405080
405082
405083
405084
405085
405087
405088
405089
405090
405091
405092
405093
405094
405095
405096
405097
405098
405099
405100
405102
405103
405104
405105
405106
405107
405111
405112
405113
405114
405115
405116
405117
405119
405120
405121
405122
405123
405124
405125
405126
405127
405129
405130
405131
405132
405133
405134
405135
405136
405137
405138
405139
405140
405141
405142
405143
405144
405145
405146
405147
405148
405149
405150
405151
405152
405153
405154
405155
405157
405158
405159
405160
405161
405162
405163
405164
405166
405167
405168
405169
405170
405171
405172
405173
405174
405175
405176
405177
405178
405179
405180
405181
405182
405183
405184
405185
405186
405187
405188
405189
405190
405191
405192
405194
405195
405196
405197
405198
405199
405200
405201
405202
405203
405204
405205
405206
405207
405208
405209
405210
405211
405212
405213
405214
405215
405217
405218
405219
405220
405221
405222
405223
405224
405225
405226
405227
405228
405229
405230
405231
405232
405233
405234
405235
405236
405237
405238
405239
405240
405241
405242
405243
405244
405245
405246
405247
405248
405249
405250
405251
405252
405253
405254
405255
405256
405257
405258
405259
405260
405261
405262
405263
405264
405265
405266
405267
405268
405269
405270
405271
405272
405273
405274
405275
405276
405277
405278
405279
405280
405281
405282
405283
405284
405285
405286
405287
405288
405289
405290
405291
405292
405293
405294
405295
405296
405297
405298
405299
405300
405301
405302
405303
405304
405305
405306
405307
405308
405309
405310
405311
405312
405313
405314
405315
405316
405317
405318
405319
405320
405321
405322
405323
405324
405325
405326
405327
405328
405329
405330
405331
405332
405333
405334
405335
405336
405337
405338
405339
405340
405341
405342
405343
405344
405345
405346
405347
405348
405349
405350
405351
405352
405353
405354
405355
405356
405357
405358
405359
405360
405361
405362
405363
405364
405365
405366
405367
405368
405369
405370
405371
405372
405373
405374
405375
405376
405377
405378
405379
405380
405381
405382
405383
405384
405385
405386
405387
405388
405389
405390
405391
405392
405393
405394
405395
405396
405397
405398
405399
405400
405401
405402
405403
405404
405405
405406
405407
405408
405409
405410
405411
405412
405413
405414
405415
405416
405417
405418
405419
405420
405421
405422
405423
405424
405425
405426
405427
405428
405429
405430
405431
405432
405433
405434
405435
405436
405437
405438
405439
405440
405441
405442
405443
405444
405445
405446
405447
405448
405449
405450
405451
405452
405453
405454
405455
405456
405457
405458
405459
405460
405461
405462
405463
405464
405465
405466
405467
405468
405469
405470
405471
405472
405473
405474
405475
405476
405477
405478
405479
405480
405481
405482
405483
405484
405485
405486
405487
405488
405489
405490
405491
405492
405493
405494
405495
405496
405497
405498
405499
405500
405501
405502
405503
405504
405505
405506
405507
405508
405509
405510
405511
405512
405513
405514
405515
405516
405517
405518
405519
405520
405521
405522
405523
405524
405525
405526
405527
405528
405529
405530
405531
405532
405533
405534
405535
405536
405537
405538
405539
405540
405541
405542
405543
405544
405545
405546
405547
405548
405549
405550
405551
405552
405553
405554
405555
405556
405557
405558
405559
405560
405561
405562
405563
405564
405565
405566
405567
405568
405569
405570
405571
405572
405573
405574
405575
405576
405577
405578
405579
405580
405581
405582
405583
405584
405585
405586
405587
405588
405589
405590
405591
405592
405593
405594
405595
405596
405597
405598
405599
405600
405601
405602
405603
405604
405605
405606
405608
405609
405610
405611
405612
405613
405614
405615
405616
405617
405618
405619
405620
405621
405622
405623
405624
405625
405626
405627
405628
405629
405630
405631
405632
405633
405634
405635
405636
405637
405638
405639
405640
405641
405642
405643
405644
405645
405646
405647
405648
405649
405650
405651
405652
405653
405654
405655
405656
405657
405658
405659
405660
405661
405662
405663
405664
405665
405666
405667
405668
405669
405670
405671
405672
405673
405674
405675
405676
405677
405678
405679
405680
405681
405682
405683
405684
405685
405686
405687
405688
405689
405690
405691
405692
405693
405694
405695
405696
405697
405698
405699
405700
405701
405702
405703
405704
405705
405706
405707
405708
405709
405710
405711
405712
405713
405714
405715
405716
405717
405718
405719
